    unsorted:	 6168.502751 6697.598300 6717.294497 6682.459049 6855.394421 6910.917903 6510.105166 6382.882813 6220.652962 7193.086968 7276.332656 7693.452315 7679.929945 7526.326776 7817.221998 7839.330947 7894.189364 7998.656275 6022.268011 5797.146248 8343.619210 8575.602449 8703.723836 9081.484058 5214.827885 9561.743418 9981.867711 0.02391187797 0.01431126768 0.1974379734 120.4459676 121.0599020 16.27711799 32.24188115 78.02049399 184.1559597 10514.06590 681.7801039 1572.554240 1748.459862 11397.27316 12511.10391 14356.65027 15191.49332 15625.06986 16682.09975 19031.85903 20374.03260 25481.43189 29354.74077 34749.68197 58799.97666 1415473.641
      sorted:	 0.01431126768 0.02391187797 0.1974379734 16.27711799 32.24188115 78.02049399 120.4459676 121.0599020 184.1559597 681.7801039 1572.554240 1748.459862 5214.827885 5797.146248 6022.268011 6168.502751 6220.652962 6382.882813 6510.105166 6682.459049 6697.598300 6717.294497 6855.394421 6910.917903 7193.086968 7276.332656 7526.326776 7679.929945 7693.452315 7817.221998 7839.330947 7894.189364 7998.656275 8343.619210 8575.602449 8703.723836 9081.484058 9561.743418 9981.867711 10514.06590 11397.27316 12511.10391 14356.65027 15191.49332 15625.06986 16682.09975 19031.85903 20374.03260 25481.43189 29354.74077 34749.68197 58799.97666 1415473.641
