    unsorted:	 1.635721979 1.578815721 1.892028061 1.332048427 2.204896696 1.039067152 2.800301730 4.459611140 4.549115897 8.059698936 14.05458541 15.00843066 17.52737064 37.26362979 44.98735323 48.12654671 64.98862239 68.25589554 71.38899481 78.30234292 132.5083274 160.2636405 178.9458239 215.0962949 227.5335135 261.2322329 255.9126613 368.9766310 444.2992225 460.5797437 513.6597128 560.8636326 678.8066350 719.8102194 896.7484376 1161.984215 3078.582604 1378.696212 1529.995240 1956.267126 2273.769851 3550.143395 3563.908531 3595.133450 3475.771073 3237.410523 3347.447210 3670.642259 3773.060452 2911.484611 2607.934168 4012.313010 4195.085269 4206.252600 4365.486846 4497.462392 4623.413721 4676.998884 4751.072429 4839.726305 5033.611669 5110.465660 5241.477926 5505.961560 5598.828886 5939.521999 6185.182576 6480.467906 6781.853777 7156.393077 7695.091108 7904.479416 8081.820903 8526.801512 8913.488092 9794.106203 10054.12369 11679.61670 11854.66159 12437.70161 13201.43156 13625.26879 15710.24772 15980.00643 18744.19795 22082.34267 22535.07221 29507.08572 33313.03269 159136.4173
      sorted:	 1.039067152 1.332048427 1.578815721 1.635721979 1.892028061 2.204896696 2.800301730 4.459611140 4.549115897 8.059698936 14.05458541 15.00843066 17.52737064 37.26362979 44.98735323 48.12654671 64.98862239 68.25589554 71.38899481 78.30234292 132.5083274 160.2636405 178.9458239 215.0962949 227.5335135 255.9126613 261.2322329 368.9766310 444.2992225 460.5797437 513.6597128 560.8636326 678.8066350 719.8102194 896.7484376 1161.984215 1378.696212 1529.995240 1956.267126 2273.769851 2607.934168 2911.484611 3078.582604 3237.410523 3347.447210 3475.771073 3550.143395 3563.908531 3595.133450 3670.642259 3773.060452 4012.313010 4195.085269 4206.252600 4365.486846 4497.462392 4623.413721 4676.998884 4751.072429 4839.726305 5033.611669 5110.465660 5241.477926 5505.961560 5598.828886 5939.521999 6185.182576 6480.467906 6781.853777 7156.393077 7695.091108 7904.479416 8081.820903 8526.801512 8913.488092 9794.106203 10054.12369 11679.61670 11854.66159 12437.70161 13201.43156 13625.26879 15710.24772 15980.00643 18744.19795 22082.34267 22535.07221 29507.08572 33313.03269 159136.4173
