    unsorted:	 1.632500691 1.593045415 1.895048804 1.327002646 2.199947578 0.9520568256 2.804532515 3.617445224 4.497200335 7.544377407 13.05441239 14.31800031 17.43475412 48.11369717 47.93553227 37.46097222 64.50241023 67.34448287 77.51428512 75.74803655 161.6657918 146.1247840 187.3242938 212.9910505 225.5223332 254.6607501 292.9296548 371.2093278 453.0964357 460.9602081 515.9632357 550.6507806 712.4631269 793.8271658 947.9369747 1136.142537 3078.582604 1376.552399 1628.704124 2036.961649 3573.398939 3548.117006 3605.588880 3508.498922 3415.014545 3252.783536 3707.320293 3896.053524 3987.663087 4072.916962 4175.389739 2982.592117 2631.496012 2323.163468 4360.992840 4437.771796 4478.552890 4610.979570 4663.987392 4751.867276 4831.130593 5133.725437 5263.102667 5328.090153 5786.176323 5754.955002 5965.879338 6245.215704 6577.817059 6785.710135 7305.560311 7750.229300 7941.200661 8270.717410 8698.526358 8892.324546 9778.924282 9991.343387 11585.98034 11782.96866 12548.20735 13110.48756 13519.56294 15645.47039 15898.83528 18868.17553 22235.52768 23674.57451 30184.00931 35982.49162 159136.6426
      sorted:	 0.9520568256 1.327002646 1.593045415 1.632500691 1.895048804 2.199947578 2.804532515 3.617445224 4.497200335 7.544377407 13.05441239 14.31800031 17.43475412 37.46097222 47.93553227 48.11369717 64.50241023 67.34448287 75.74803655 77.51428512 146.1247840 161.6657918 187.3242938 212.9910505 225.5223332 254.6607501 292.9296548 371.2093278 453.0964357 460.9602081 515.9632357 550.6507806 712.4631269 793.8271658 947.9369747 1136.142537 1376.552399 1628.704124 2036.961649 2323.163468 2631.496012 2982.592117 3078.582604 3252.783536 3415.014545 3508.498922 3548.117006 3573.398939 3605.588880 3707.320293 3896.053524 3987.663087 4072.916962 4175.389739 4360.992840 4437.771796 4478.552890 4610.979570 4663.987392 4751.867276 4831.130593 5133.725437 5263.102667 5328.090153 5754.955002 5786.176323 5965.879338 6245.215704 6577.817059 6785.710135 7305.560311 7750.229300 7941.200661 8270.717410 8698.526358 8892.324546 9778.924282 9991.343387 11585.98034 11782.96866 12548.20735 13110.48756 13519.56294 15645.47039 15898.83528 18868.17553 22235.52768 23674.57451 30184.00931 35982.49162 159136.6426
