    unsorted:	 246.7401105 246.7401105 246.7401105 1474.294464 1515.902565 1185.893223 1029.910737 884.5274934 638.8458866 669.4589971 564.3943339 341.3351745 381.1699474 1728.087507 1982.071816 13.86814543 2744.856820 2952.979925 3169.443656 4071.176176 4659.521604 6683.703745 7160.288447 7876.827453 7709.368343 9089.547037 10148.93422 11395.46030 13228.66224 12979.16969 14091.91003 14514.44895 15724.76079 16319.14034 17298.35014 19778.45453 20888.78750 33959.27162 82941.33045 99992.82504 246930.9107 247331.9695 434653.3669 1457487.870 6887796.209
      sorted:	 13.86814543 246.7401105 246.7401105 246.7401105 341.3351745 381.1699474 564.3943339 638.8458866 669.4589971 884.5274934 1029.910737 1185.893223 1474.294464 1515.902565 1728.087507 1982.071816 2744.856820 2952.979925 3169.443656 4071.176176 4659.521604 6683.703745 7160.288447 7709.368343 7876.827453 9089.547037 10148.93422 11395.46030 12979.16969 13228.66224 14091.91003 14514.44895 15724.76079 16319.14034 17298.35014 19778.45453 20888.78750 33959.27162 82941.33045 99992.82504 246930.9107 247331.9695 434653.3669 1457487.870 6887796.209
