    unsorted:	 1.639484964 1.592048396 1.911726611 1.328206638 2.196974845 1.019785322 2.797263021 4.496057208 5.346856406 7.758336058 13.19068495 14.54269266 18.25341651 37.44626836 50.56610244 47.99602673 64.58645835 67.37299653 77.56588908 75.78094349 129.8383983 161.4821028 190.4919749 213.3883931 235.1634313 255.0050792 292.8231645 386.2140834 451.8150407 488.3165201 515.7343593 553.6948297 713.7038239 803.1661959 984.3149502 1144.738753 3078.582604 1426.228689 1653.904073 2036.818819 3554.562451 3583.182179 3614.640985 3524.404952 3670.793722 3716.390033 3120.428045 3270.845723 2984.681263 2743.810972 2321.405605 3922.417812 4016.459654 4173.324737 4198.815588 4375.449791 4498.325900 4633.258384 4678.267270 4744.772348 4805.982893 4890.805668 5149.289785 5291.204703 5458.770481 5769.601007 5904.007225 6093.948503 6328.472846 6696.774008 6869.582391 7431.354924 7788.438650 8103.250625 8363.342083 8850.341345 9075.603260 9812.433505 10052.14376 11683.67632 11806.80064 12671.75041 13198.99679 13657.35920 15871.85268 16166.15776 18782.20561 22148.73718 23735.90331 30185.16920 35746.66050 159136.9263
      sorted:	 1.019785322 1.328206638 1.592048396 1.639484964 1.911726611 2.196974845 2.797263021 4.496057208 5.346856406 7.758336058 13.19068495 14.54269266 18.25341651 37.44626836 47.99602673 50.56610244 64.58645835 67.37299653 75.78094349 77.56588908 129.8383983 161.4821028 190.4919749 213.3883931 235.1634313 255.0050792 292.8231645 386.2140834 451.8150407 488.3165201 515.7343593 553.6948297 713.7038239 803.1661959 984.3149502 1144.738753 1426.228689 1653.904073 2036.818819 2321.405605 2743.810972 2984.681263 3078.582604 3120.428045 3270.845723 3524.404952 3554.562451 3583.182179 3614.640985 3670.793722 3716.390033 3922.417812 4016.459654 4173.324737 4198.815588 4375.449791 4498.325900 4633.258384 4678.267270 4744.772348 4805.982893 4890.805668 5149.289785 5291.204703 5458.770481 5769.601007 5904.007225 6093.948503 6328.472846 6696.774008 6869.582391 7431.354924 7788.438650 8103.250625 8363.342083 8850.341345 9075.603260 9812.433505 10052.14376 11683.67632 11806.80064 12671.75041 13198.99679 13657.35920 15871.85268 16166.15776 18782.20561 22148.73718 23735.90331 30185.16920 35746.66050 159136.9263
