    unsorted:	 1.765010933 1.568050171 1.526478372 1.849451076 2.079487510 1.229072828 2.348663434 3.098491776 4.919706972 8.481910195 12.43044597 12.66981471 13.11193865 20.47198008 36.03584188 41.94865033 46.00979933 48.14922851 73.17781095 77.66420255 111.0624268 116.5320929 201.7945712 230.3006987 257.5421659 279.8800869 276.3099424 300.0054396 307.6635182 361.7764875 1398.753458 397.7508931 444.0547609 481.9595866 510.7826020 1407.485532 1402.997925 1436.691715 1456.185043 1474.930880 1481.429435 1496.427004 1506.069688 1533.526015 1564.359681 1604.952042 1636.945255 1659.817565 1679.159319 1685.097146 1706.936668 1713.116906 1718.438552 1748.069286 1306.356016 1777.470590 1808.641835 1262.665687 1177.460154 1850.414009 1867.009992 1100.393109 1024.313129 991.4619604 706.3565506 1934.239747 2001.071027 2049.226047 2096.761138 2134.223910 2256.919628 2296.124864 2397.662791 2500.430179 2587.570486 2710.087662 2772.561017 2949.743979 3137.591843 3307.459054 3421.054291 3648.437601 3976.656704 4259.977061 4430.036281 4783.189212 5262.464918 5553.497037 6045.139803 6379.806009 6722.289350 7370.634963 8190.738374 8362.475720 9034.386427 10154.77936 10946.35892 11492.08727 12593.14705 14525.84010 17985.00861 19189.50848 22413.98548 26469.03071 43988.94468 52030.59174 60587.00052 214384.4321 2332737.935
      sorted:	 1.229072828 1.526478372 1.568050171 1.765010933 1.849451076 2.079487510 2.348663434 3.098491776 4.919706972 8.481910195 12.43044597 12.66981471 13.11193865 20.47198008 36.03584188 41.94865033 46.00979933 48.14922851 73.17781095 77.66420255 111.0624268 116.5320929 201.7945712 230.3006987 257.5421659 276.3099424 279.8800869 300.0054396 307.6635182 361.7764875 397.7508931 444.0547609 481.9595866 510.7826020 706.3565506 991.4619604 1024.313129 1100.393109 1177.460154 1262.665687 1306.356016 1398.753458 1402.997925 1407.485532 1436.691715 1456.185043 1474.930880 1481.429435 1496.427004 1506.069688 1533.526015 1564.359681 1604.952042 1636.945255 1659.817565 1679.159319 1685.097146 1706.936668 1713.116906 1718.438552 1748.069286 1777.470590 1808.641835 1850.414009 1867.009992 1934.239747 2001.071027 2049.226047 2096.761138 2134.223910 2256.919628 2296.124864 2397.662791 2500.430179 2587.570486 2710.087662 2772.561017 2949.743979 3137.591843 3307.459054 3421.054291 3648.437601 3976.656704 4259.977061 4430.036281 4783.189212 5262.464918 5553.497037 6045.139803 6379.806009 6722.289350 7370.634963 8190.738374 8362.475720 9034.386427 10154.77936 10946.35892 11492.08727 12593.14705 14525.84010 17985.00861 19189.50848 22413.98548 26469.03071 43988.94468 52030.59174 60587.00052 214384.4321 2332737.935
