    unsorted:	 1.636488180 1.582747981 1.902161458 1.333274749 2.205437952 0.8483129325 2.796875882 4.464557310 5.439965428 7.741543914 14.70011345 14.03511185 17.51888448 37.45330655 45.30138031 48.33763354 65.22287530 67.78119637 71.52799870 78.76496063 132.0585211 160.0910566 180.0654329 215.2663218 228.4698060 263.8781540 257.1824593 375.1444718 443.7145332 462.8108336 512.8490605 555.8088287 687.8034533 720.7122685 925.3450946 1158.679762 3078.582604 1364.138112 1548.518076 1966.987811 3570.213817 3590.625851 3616.652436 3510.800595 3272.141625 3396.751894 3710.923397 3810.684939 2918.894150 2624.013695 2290.711451 4041.337539 4220.821550 4258.300562 4392.560658 4652.533135 4525.750470 4705.828197 4777.426625 4855.832361 5123.022184 5253.761641 5366.550206 5566.166969 5936.310377 6053.834439 6424.894033 6718.769409 7053.758438 7585.662394 7896.385436 8065.392525 8414.610489 8908.558279 9705.915059 10033.89970 11666.91625 11821.25854 12465.60001 13146.66588 13589.92552 15679.52704 15848.02019 18522.83353 21763.78504 22344.49380 29323.95974 32771.42576 159139.0232
      sorted:	 0.8483129325 1.333274749 1.582747981 1.636488180 1.902161458 2.205437952 2.796875882 4.464557310 5.439965428 7.741543914 14.03511185 14.70011345 17.51888448 37.45330655 45.30138031 48.33763354 65.22287530 67.78119637 71.52799870 78.76496063 132.0585211 160.0910566 180.0654329 215.2663218 228.4698060 257.1824593 263.8781540 375.1444718 443.7145332 462.8108336 512.8490605 555.8088287 687.8034533 720.7122685 925.3450946 1158.679762 1364.138112 1548.518076 1966.987811 2290.711451 2624.013695 2918.894150 3078.582604 3272.141625 3396.751894 3510.800595 3570.213817 3590.625851 3616.652436 3710.923397 3810.684939 4041.337539 4220.821550 4258.300562 4392.560658 4525.750470 4652.533135 4705.828197 4777.426625 4855.832361 5123.022184 5253.761641 5366.550206 5566.166969 5936.310377 6053.834439 6424.894033 6718.769409 7053.758438 7585.662394 7896.385436 8065.392525 8414.610489 8908.558279 9705.915059 10033.89970 11666.91625 11821.25854 12465.60001 13146.66588 13589.92552 15679.52704 15848.02019 18522.83353 21763.78504 22344.49380 29323.95974 32771.42576 159139.0232
