    unsorted:	 578.0667386 559.2592225 597.6695342 513.6107032 649.1889664 472.6269701 316.2697306 343.7081697 293.1209025 777.4243778 938.0695145 1035.378632 1085.541719 1160.627067 1190.942316 1308.903952 1451.178774 1858.043107 1832.010166 1940.804101 1963.778859 2018.091686 1661.917536 2128.825802 2153.277244 2260.159364 2303.343450 65.96224820 82.11457999 37.89302994 30.54672367 2410.951321 2522.770714 3032.042612 3240.191294 3414.800434 3911.574332 4042.695299 4242.387233 4438.184168 4853.907629 4995.542228 5325.186962 5700.324500 6996.916465 7471.167389 8535.107609 8876.987937 9112.101442 10081.68020 10684.71040 11154.14585 12392.89044 13200.65269 13350.24254 14154.49828 14600.40186 15972.56876 19875.45508 22511.72433 28581.05255 31149.46405 35175.50086 42187.62186 58091.57064 63704.84119 87930.21949 103143.0445 121600.7422 347095.6294 1002139.344 1721334.441 4821574.100 7005622.025 7329007.863 7794374.690 13310611.29
      sorted:	 30.54672367 37.89302994 65.96224820 82.11457999 293.1209025 316.2697306 343.7081697 472.6269701 513.6107032 559.2592225 578.0667386 597.6695342 649.1889664 777.4243778 938.0695145 1035.378632 1085.541719 1160.627067 1190.942316 1308.903952 1451.178774 1661.917536 1832.010166 1858.043107 1940.804101 1963.778859 2018.091686 2128.825802 2153.277244 2260.159364 2303.343450 2410.951321 2522.770714 3032.042612 3240.191294 3414.800434 3911.574332 4042.695299 4242.387233 4438.184168 4853.907629 4995.542228 5325.186962 5700.324500 6996.916465 7471.167389 8535.107609 8876.987937 9112.101442 10081.68020 10684.71040 11154.14585 12392.89044 13200.65269 13350.24254 14154.49828 14600.40186 15972.56876 19875.45508 22511.72433 28581.05255 31149.46405 35175.50086 42187.62186 58091.57064 63704.84119 87930.21949 103143.0445 121600.7422 347095.6294 1002139.344 1721334.441 4821574.100 7005622.025 7329007.863 7794374.690 13310611.29
