    unsorted:	 0.004934987258 0.004934987258 0.004934987258 0.004934987243 0.004934987242 0.004935098295 0.004935098295 0.004935098305 0.004935098321 0.004935098321 0.004934986782 0.004934986481 0.004935099237 0.004935099837 0.004934971595 0.004935126087 171.3472991 171.3472991 171.3472991 171.3472991 171.3472991 171.3472991 171.3472991 171.3472991 171.3472991 171.3472991 171.3472991 0.01412154410 0.01446120979 0.01374900155 0.01321806499 0.01484042226 0.01589049187 0.01541634353 0.01914848052 0.02334055792 0.02534479816 0.03107366103 0.03262182158 0.04136637450 0.1750871471 172.5332026 3.552927363 2.903250764 178.6023450 182.5721979 189.4347862 196.0154802 201.0060377 207.4023310 217.4746721 214.4683012 232.3110590 237.5501215 237.4619064 225.8415703 239.7771043 243.4383781 163.7750717 253.4226766 258.5441491 262.0584050 267.8763702 272.1067487 276.6830779 154.1766084 286.8478199 298.1004149 305.2264372 9.042660853 13.78309371 17.72214672 19.23621652 24.46645946 28.16470958 37.95631250 101.3094791 90.55079139 320.4586611 334.1159668 347.6926454 374.8883249 393.7799076 402.6759040 446.3322009 470.2872592 517.8690292 561.9635402 604.3633950 695.6646254 841.7295511 912.8723455 1049.427632 1010.954462 1194.988305 1499.269040 1787.705823 2005.658898 2795.619462 4169.351285 6563.998595 27956.65437
      sorted:	 0.004934971595 0.004934986481 0.004934986782 0.004934987242 0.004934987243 0.004934987258 0.004934987258 0.004934987258 0.004935098295 0.004935098295 0.004935098305 0.004935098321 0.004935098321 0.004935099237 0.004935099837 0.004935126087 0.01321806499 0.01374900155 0.01412154410 0.01446120979 0.01484042226 0.01541634353 0.01589049187 0.01914848052 0.02334055792 0.02534479816 0.03107366103 0.03262182158 0.04136637450 0.1750871471 2.903250764 3.552927363 9.042660853 13.78309371 17.72214672 19.23621652 24.46645946 28.16470958 37.95631250 90.55079139 101.3094791 154.1766084 163.7750717 171.3472991 171.3472991 171.3472991 171.3472991 171.3472991 171.3472991 171.3472991 171.3472991 171.3472991 171.3472991 171.3472991 172.5332026 178.6023450 182.5721979 189.4347862 196.0154802 201.0060377 207.4023310 214.4683012 217.4746721 225.8415703 232.3110590 237.4619064 237.5501215 239.7771043 243.4383781 253.4226766 258.5441491 262.0584050 267.8763702 272.1067487 276.6830779 286.8478199 298.1004149 305.2264372 320.4586611 334.1159668 347.6926454 374.8883249 393.7799076 402.6759040 446.3322009 470.2872592 517.8690292 561.9635402 604.3633950 695.6646254 841.7295511 912.8723455 1010.954462 1049.427632 1194.988305 1499.269040 1787.705823 2005.658898 2795.619462 4169.351285 6563.998595 27956.65437
