    unsorted:	 1.511643806 1.473840745 1.597807983 1.883441962 1.948579234 1.725346312 0.8237917878 6.262868483 6.971410843 8.777999557 10.43769676 11.80316631 14.07461612 29.42378356 30.55892907 43.84757478 37.44119101 58.30382445 69.78056127 71.56694626 135.0322330 160.0718841 189.5437311 245.0178632 275.6902322 421.3784396 420.3769443 469.7986928 550.0389405 589.1015013 697.9844294 3304.326535 3300.819442 3306.860196 3308.302405 3299.188859 3312.221406 3296.227286 3320.635128 3285.258748 3268.429108 3347.258604 3251.451518 3078.582604 3369.053090 3160.588317 3436.415265 3103.763525 3041.413575 820.2649265 846.2857318 921.0454847 3657.071064 3761.730195 2611.463519 1536.198951 1590.722013 1813.427094 2235.633168 3945.098077 3986.362511 4082.569212 4215.755573 4201.906950 4320.998457 4410.177718 4503.891721 4680.599682 4871.447886 5012.813803 5202.623477 5362.849593 5647.763494 5914.197471 5939.928461 6308.777231 6526.001157 6646.508163 7041.138621 7405.130471 7845.595876 7929.988224 8461.630162 9155.795281 9471.698104 9610.896076 10125.90807 11402.41802 11942.49372 12279.70406 13929.99533 14861.59236 16558.95739 16889.79864 19242.87457 20451.77565 23780.86817 32285.18397 159132.1026 1530437.574
      sorted:	 0.8237917878 1.473840745 1.511643806 1.597807983 1.725346312 1.883441962 1.948579234 6.262868483 6.971410843 8.777999557 10.43769676 11.80316631 14.07461612 29.42378356 30.55892907 37.44119101 43.84757478 58.30382445 69.78056127 71.56694626 135.0322330 160.0718841 189.5437311 245.0178632 275.6902322 420.3769443 421.3784396 469.7986928 550.0389405 589.1015013 697.9844294 820.2649265 846.2857318 921.0454847 1536.198951 1590.722013 1813.427094 2235.633168 2611.463519 3041.413575 3078.582604 3103.763525 3160.588317 3251.451518 3268.429108 3285.258748 3296.227286 3299.188859 3300.819442 3304.326535 3306.860196 3308.302405 3312.221406 3320.635128 3347.258604 3369.053090 3436.415265 3657.071064 3761.730195 3945.098077 3986.362511 4082.569212 4201.906950 4215.755573 4320.998457 4410.177718 4503.891721 4680.599682 4871.447886 5012.813803 5202.623477 5362.849593 5647.763494 5914.197471 5939.928461 6308.777231 6526.001157 6646.508163 7041.138621 7405.130471 7845.595876 7929.988224 8461.630162 9155.795281 9471.698104 9610.896076 10125.90807 11402.41802 11942.49372 12279.70406 13929.99533 14861.59236 16558.95739 16889.79864 19242.87457 20451.77565 23780.86817 32285.18397 159132.1026 1530437.574
