    unsorted:	 27715.50308 29199.74305 29483.09587 29648.73774 28647.49464 28267.67348 30278.25465 27186.85708 26821.37043 26301.99615 26110.63943 24849.61252 32121.48946 34004.30448 34229.48336 35492.35095 35270.83753 35855.15844 36512.79749 23744.90814 37737.88910 22760.33413 39499.45300 39887.87544 21896.74691 41449.47729 20534.92024 20078.14933 44119.02265 42908.94424 45258.00659 46066.46704 46960.77074 17469.24157 16606.13063 16579.20682 48207.48423 49065.00348 12371.80775 11564.62484 51701.07756 255.0000067 194.5029738 169.3425193 323.4849691 9.590777356 518.3993002 570.5167745 34.74533443 1160.745564 3018.110371 7425.581342 54821.66741 56331.83970 58015.13849 59491.81094 61775.16623 62348.88795 63188.64690 66309.41391 74732.93308 87920.79883 101633.6438 128593.8711 136664.2524 148564.4465 204043.1398 247869.8947 370468.0547 466542.9129 540006.2394 1883654.737 94225678.57
      sorted:	 9.590777356 34.74533443 169.3425193 194.5029738 255.0000067 323.4849691 518.3993002 570.5167745 1160.745564 3018.110371 7425.581342 11564.62484 12371.80775 16579.20682 16606.13063 17469.24157 20078.14933 20534.92024 21896.74691 22760.33413 23744.90814 24849.61252 26110.63943 26301.99615 26821.37043 27186.85708 27715.50308 28267.67348 28647.49464 29199.74305 29483.09587 29648.73774 30278.25465 32121.48946 34004.30448 34229.48336 35270.83753 35492.35095 35855.15844 36512.79749 37737.88910 39499.45300 39887.87544 41449.47729 42908.94424 44119.02265 45258.00659 46066.46704 46960.77074 48207.48423 49065.00348 51701.07756 54821.66741 56331.83970 58015.13849 59491.81094 61775.16623 62348.88795 63188.64690 66309.41391 74732.93308 87920.79883 101633.6438 128593.8711 136664.2524 148564.4465 204043.1398 247869.8947 370468.0547 466542.9129 540006.2394 1883654.737 94225678.57
